618093907
682642148
646884750
648103782
607318424
646525477
628186911
682654202
626680806
636720570
609604866
616857414
646237242
699546717
669166702
679264467
679535106
689767770
686713745
618863919
626146450
607811233
628563952
683418125
616178333
607433514
607227660
607448429
607451934
689276911
699653649
659475619
689043246
690050766
607434637
680693246
689775399
628311861
616494747
618752469
619564272
680321601
618864032
616879344
636738999
636998271
679628155
626613102
636572241
683282533
687771614
686328592
669030856
636222515
650747484
608759417
649760150
608668304
626319351
683370416
699942181
626990214
609218270
681377048
609114519
646247881
616861502
607469137
629553925
676797858
636993320
626320313
683499018
670215177
607811245
682185427
646247878
689571572
616156121
608667637
626979485
691793008
699290953
659454806
689547749
608855818
628277858
676511100
618097792
646237140
619413147
690822340
636585321
676689625
638667128
628083803
620925203
676777083
699883549
686977218
630258525
628500187
650361891
683558027
606946208
680619783
649236045
608307021
630674311
696173543
626010479
603301089
